Image	日時1	整点1	半点1	日時2	整点2	半点2	日時3	整点3	半点3
オリジナルデータ（177）_Page_003.jpg	20130401	306	350	20130402	1686	1841	20130403	552	564
オリジナルデータ（177）_Page_003.jpg	20130401	441	461	20130402	1878	1776	20130403	1476	1776
オリジナルデータ（177）_Page_003.jpg	20130401	474	449	20130402	1992	2057	20130403	1917	2058
オリジナルデータ（177）_Page_003.jpg	20130401	450	456	20130402	2058	2046	20130403	2060	2069
オリジナルデータ（177）_Page_003.jpg	20130401	461	432	20130402	2057	2069	20130403	2082	2081
オリジナルデータ（177）_Page_003.jpg	20130401	402	408	20130402	2070	2077	20130403	2082	2081
オリジナルデータ（177）_Page_003.jpg	20130401	413	408	20130402	2116	2088	20130403	2076	2112
オリジナルデータ（177）_Page_003.jpg	20130401	396	396	20130402	2022	1877	20130403	2040	1902
オリジナルデータ（177）_Page_003.jpg	20130401	378	456	20130402	1710	1692	20130403	1721	1812
オリジナルデータ（177）_Page_003.jpg	20130401	389	402	20130402	1865	1962	20130403	1980	1974
オリジナルデータ（177）_Page_003.jpg	20130401	360	360	20130402	1949	1938	20130403	1961	1950
オリジナルデータ（177）_Page_003.jpg	20130401	312	252	20130402	1924	1933	20130403	1929	1724
オリジナルデータ（177）_Page_003.jpg	20130401	245	246	20130402	1932	1920	20130403	1872	1908
オリジナルデータ（177）_Page_003.jpg	20130401	240	228	20130402	1992	2044	20130403	1974	2032
オリジナルデータ（177）_Page_003.jpg	20130401	228	228	20130402	2054	2018	20130403	2053	2058
オリジナルデータ（177）_Page_003.jpg	20130401	216	221	20130402	1898	1812	20130403	2033	1980
オリジナルデータ（177）_Page_003.jpg	20130401	216	222	20130402	1806	1805	20130403	1788	1992
オリジナルデータ（177）_Page_003.jpg	20130401	221	228	20130402	1878	1884	20130403	2010	1889
オリジナルデータ（177）_Page_003.jpg	20130401	216	216	20130402	1836	1793	20130403	1740	1681
オリジナルデータ（177）_Page_003.jpg	20130401	216	222	20130402	1770	1776	
オリジナルデータ（177）_Page_003.jpg	20130401	221	222	20130402	1788	1793	
オリジナルデータ（177）_Page_003.jpg	20130401	216	228	20130402	1786	1760	20130403	1925	1908
オリジナルデータ（177）_Page_003.jpg	20130401	396	425	20130402	1721	1650	20130403	1902	1901
オリジナルデータ（177）_Page_003.jpg	20130401	456	1044	20130402	588	564	
